N = 30

##### iter = 1 #####

Y = [[0.2187515  0.40437245 0.37687605]
 [0.21253388 0.45550714 0.33195898]
 [0.3096523  0.38004135 0.31030636]
 [0.30295813 0.36373465 0.33330721]
 [0.36758022 0.33555356 0.29686622]
 [0.43876185 0.25491924 0.30631892]
 [0.43467186 0.2924347  0.27289344]
 [0.432159   0.2712887  0.2965523 ]
 [0.3548334  0.39838879 0.24677781]
 [0.50647998 0.18485557 0.30866446]
 [0.60055364 0.17543384 0.22401252]
 [0.53136221 0.22039335 0.24824444]
 [0.34412322 0.38341187 0.2724649 ]
 [0.32146133 0.39437304 0.28416563]
 [0.4015471  0.23593464 0.36251826]
 [0.41454099 0.35160622 0.2338528 ]
 [0.3218171  0.43167516 0.24650773]
 [0.48350847 0.23224871 0.28424281]
 [0.47012173 0.22482035 0.30505792]
 [0.4917461  0.20042548 0.30782841]
 [0.26550754 0.44860072 0.28589174]
 [0.24579959 0.42306529 0.33113512]
 [0.36605636 0.29599048 0.33795316]
 [0.31818524 0.29028806 0.39152671]
 [0.32312169 0.31681532 0.36006299]
 [0.19105047 0.43116362 0.37778591]
 [0.28141337 0.31549873 0.4030879 ]
 [0.34485406 0.28983776 0.36530818]
 [0.2123873  0.42138272 0.36622998]
 [0.32369437 0.27382789 0.40247773]]

alpha[0] = 0.3610411330431047
alpha[1] = 0.32326298050968116
alpha[2] = 0.31569588644721425

mu[0] = [0.49091163 0.25101938]
mu[1] = [0.57124964 0.28132718]
mu[2] = [0.53352035 0.29499597]

sigma[0] = [[0.02530905 0.00413907]
 [0.00413907 0.01586245]]
sigma[1] = [[0.02258977 0.00368009]
 [0.00368009 0.01736282]]
sigma[2] = [[0.02430492 0.00470485]
 [0.00470485 0.01636687]]

##### iter = 2 #####

Y = [[0.21075789 0.40417489 0.38506722]
 [0.22306583 0.43190123 0.34503294]
 [0.31145457 0.378571   0.30997443]
 [0.30155841 0.36286961 0.33557199]
 [0.36489665 0.33871871 0.29638464]
 [0.44290439 0.246613   0.3104826 ]
 [0.42762318 0.29767454 0.27470228]
 [0.43237868 0.2668554  0.30076593]
 [0.34491561 0.42671568 0.22836872]
 [0.53620084 0.15920478 0.30459438]
 [0.60628608 0.1556942  0.23801972]
 [0.52956257 0.21223441 0.25820302]
 [0.34184369 0.39459821 0.2635581 ]
 [0.32360761 0.398598   0.27779439]
 [0.40872633 0.23458064 0.35669302]
 [0.38867143 0.39274166 0.21858691]
 [0.32021862 0.45460874 0.22517264]
 [0.48992953 0.21950811 0.29056236]
 [0.4821563  0.20939195 0.30845175]
 [0.51359888 0.17880148 0.30759964]
 [0.27953912 0.43923481 0.28122607]
 [0.25151691 0.41078571 0.33769737]
 [0.36420361 0.29607467 0.33972172]
 [0.30704831 0.30760264 0.38534905]
 [0.31679516 0.32259791 0.36060693]
 [0.18495637 0.42276075 0.39228288]
 [0.26435838 0.33922344 0.39641819]
 [0.33978039 0.29624562 0.363974  ]
 [0.20910892 0.41325822 0.37763286]
 [0.31230135 0.2958467  0.39185196]]

alpha[0] = 0.360998853498175
alpha[1] = 0.32358955670220374
alpha[2] = 0.3154115897996213

mu[0] = [0.48924099 0.25067122]
mu[1] = [0.57349511 0.28069028]
mu[2] = [0.53308399 0.29605612]

sigma[0] = [[0.02568344 0.00418147]
 [0.00418147 0.01552403]]
sigma[1] = [[0.02159775 0.00306733]
 [0.00306733 0.01777202]]
sigma[2] = [[0.02454951 0.00524308]
 [0.00524308 0.01627877]]

##### iter = 3 #####

Y = [[0.2046254  0.3997219  0.39565271]
 [0.22450335 0.42099309 0.35450356]
 [0.31079991 0.38262044 0.30657965]
 [0.29990044 0.36407209 0.33602747]
 [0.36450784 0.34225889 0.29323327]
 [0.44869366 0.2367113  0.31459504]
 [0.42832597 0.2978108  0.27386323]
 [0.43646404 0.25978445 0.30375151]
 [0.33356707 0.45914116 0.20729177]
 [0.5523465  0.1398924  0.3077611 ]
 [0.61618651 0.13166933 0.25214416]
 [0.5365728  0.19676319 0.26666401]
 [0.33797344 0.41081256 0.251214  ]
 [0.32173476 0.41052998 0.26773526]
 [0.41305728 0.23139485 0.35554787]
 [0.37325155 0.4262344  0.20051406]
 [0.30987406 0.48903078 0.20109516]
 [0.49827409 0.2048142  0.29691171]
 [0.49178369 0.19446666 0.31374965]
 [0.52697053 0.16090476 0.31212471]
 [0.28080149 0.44790516 0.27129334]
 [0.25134585 0.40737324 0.34128091]
 [0.36452864 0.29414019 0.34133118]
 [0.30072444 0.31654687 0.38272869]
 [0.3135268  0.32471347 0.36175973]
 [0.17940566 0.41036744 0.4102269 ]
 [0.25463076 0.35125016 0.39411908]
 [0.33749125 0.29821247 0.36429628]
 [0.20490743 0.40502891 0.39006366]
 [0.30547047 0.30837486 0.38615467]]

alpha[0] = 0.3607415227546765
alpha[1] = 0.32411799963054305
alpha[2] = 0.31514047761478037

mu[0] = [0.48699128 0.25022412]
mu[1] = [0.57717162 0.2794393 ]
mu[2] = [0.53177443 0.29784325]

sigma[0] = [[0.02577173 0.00426126]
 [0.00426126 0.01531522]]
sigma[1] = [[0.02067587 0.00239144]
 [0.00239144 0.01801241]]
sigma[2] = [[0.02484846 0.00582904]
 [0.00582904 0.01617769]]

##### iter = 4 #####

Y = [[0.19911024 0.39295749 0.40793226]
 [0.22243066 0.41507727 0.36249207]
 [0.30820374 0.39082931 0.30096694]
 [0.2972823  0.36706362 0.33565407]
 [0.36405666 0.34762853 0.2883148 ]
 [0.45506448 0.22495242 0.3199831 ]
 [0.43168944 0.29689974 0.27141083]
 [0.44180532 0.25121176 0.30698292]
 [0.3195928  0.49822111 0.18218609]
 [0.56426774 0.12011719 0.31561507]
 [0.62739924 0.10608839 0.26651237]
 [0.54749503 0.17773237 0.2747726 ]
 [0.33206949 0.43279144 0.23513906]
 [0.31707056 0.42881567 0.25411377]
 [0.41744358 0.22443565 0.35812077]
 [0.36004484 0.46150058 0.17845458]
 [0.29411525 0.53287903 0.17300572]
 [0.50751858 0.18802997 0.30445145]
 [0.5007885  0.17770122 0.32151028]
 [0.53775873 0.14183232 0.32040894]
 [0.27635837 0.46662052 0.25702112]
 [0.248468   0.40832277 0.34320923]
 [0.3652188  0.29081961 0.34396159]
 [0.29666403 0.32052116 0.38281481]
 [0.31097144 0.32489906 0.3641295 ]
 [0.17420514 0.39504716 0.4307477 ]
 [0.24800724 0.35740882 0.39458395]
 [0.33620935 0.29714255 0.3666481 ]
 [0.20028099 0.39613513 0.40358389]
 [0.30140191 0.31486607 0.38373202]]

alpha[0] = 0.3600997485729689
alpha[1] = 0.3249515978282963
alpha[2] = 0.31494865359873475

mu[0] = [0.48426092 0.24988178]
mu[1] = [0.5820413  0.27739901]
mu[2] = [0.52966046 0.30029143]

sigma[0] = [[0.02573593 0.00437211]
 [0.00437211 0.01515731]]
sigma[1] = [[0.01965403 0.00167503]
 [0.00167503 0.01820624]]
sigma[2] = [[0.025182   0.00649012]
 [0.00649012 0.01603019]]

##### iter = 5 #####

Y = [[0.19365014 0.38442616 0.4219237 ]
 [0.21893602 0.41136617 0.36969782]
 [0.30395194 0.40291291 0.29313515]
 [0.29359197 0.37164467 0.33476336]
 [0.36296901 0.35528712 0.28174387]
 [0.46192849 0.21060933 0.32746218]
 [0.43642723 0.29599346 0.26757931]
 [0.44792021 0.24087762 0.31120217]
 [0.3014679  0.54582767 0.15270443]
 [0.57441118 0.09817895 0.32740987]
 [0.63831079 0.08042401 0.2812652 ]
 [0.56091963 0.15603368 0.28304669]
 [0.32362956 0.46157821 0.21479223]
 [0.30986303 0.453647   0.23648997]
 [0.42292123 0.21267312 0.36440565]
 [0.34500265 0.50306032 0.15193703]
 [0.27298828 0.58613195 0.14087977]
 [0.51748656 0.16860233 0.31391111]
 [0.50974948 0.15794708 0.33230344]
 [0.54754022 0.12008526 0.33237451]
 [0.26855244 0.49333858 0.23810898]
 [0.24409501 0.41209344 0.34381155]
 [0.36584901 0.28585    0.34830099]
 [0.29386717 0.32070906 0.38542378]
 [0.30837533 0.32348247 0.36814221]
 [0.16908441 0.3769611  0.45395449]
 [0.24281094 0.35999701 0.39719204]
 [0.33536583 0.29319486 0.37143931]
 [0.19531055 0.38617774 0.41851171]
 [0.29930091 0.31666277 0.38403632]]

alpha[0] = 0.35887590348565906
alpha[1] = 0.32619246851242145
alpha[2] = 0.3149316280019195

mu[0] = [0.48103934 0.24975868]
mu[1] = [0.58805694 0.27443783]
mu[2] = [0.52671801 0.30339308]

sigma[0] = [[0.02561556 0.00452203]
 [0.00452203 0.0150146 ]]
sigma[1] = [[0.01845502 0.0009365 ]
 [0.0009365  0.01839559]]
sigma[2] = [[0.02553815 0.00724757]
 [0.00724757 0.01581924]]

##### iter = 6 #####

Y = [[0.18796858 0.37413273 0.43789868]
 [0.21485698 0.40888387 0.37625916]
 [0.29800311 0.4193775  0.28261938]
 [0.28872562 0.37794138 0.333333  ]
 [0.36108005 0.36567503 0.27324492]
 [0.46940148 0.19286374 0.33773477]
 [0.44258643 0.29517396 0.26223961]
 [0.45498228 0.22809885 0.31691887]
 [0.27755114 0.60287057 0.11957829]
 [0.58266282 0.07440102 0.34293616]
 [0.6478302  0.05603838 0.29613143]
 [0.57670393 0.13175211 0.29154396]
 [0.31181691 0.49855698 0.18962612]
 [0.2997112  0.48609581 0.21419299]
 [0.4299861  0.19519504 0.37481886]
 [0.32550065 0.55306683 0.12143253]
 [0.24561439 0.64834211 0.10604349]
 [0.52814375 0.1460316  0.32582465]
 [0.51861019 0.13467352 0.3467163 ]
 [0.55615828 0.0956286  0.34821312]
 [0.25781604 0.5282541  0.21392986]
 [0.23864132 0.41843733 0.34292134]
 [0.36634119 0.27868869 0.35497012]
 [0.29203977 0.31717441 0.39078582]
 [0.30544082 0.32030769 0.3742515 ]
 [0.1638713  0.35580696 0.48032174]
 [0.2384201  0.3597229  0.40185701]
 [0.33479462 0.28595856 0.37924682]
 [0.18997496 0.37479522 0.43522981]
 [0.29907286 0.31382883 0.38709831]]

alpha[0] = 0.35681023555696767
alpha[1] = 0.32792581057654707
alpha[2] = 0.3152639538664853

mu[0] = [0.47725973 0.2499561 ]
mu[1] = [0.59518827 0.27044644]
mu[2] = [0.52294142 0.3071291 ]

sigma[0] = [[0.02540384 0.00472742]
 [0.00472742 0.01487176]]
sigma[1] = [[0.01703999 0.00021031]
 [0.00021031 0.01857818]]
sigma[2] = [[0.02589793 0.00810791]
 [0.00810791 0.01553876]]

##### iter = 7 #####

Y = [[0.18194188 0.36196906 0.45608906]
 [0.21059239 0.40754712 0.38186049]
 [0.29002075 0.44130936 0.26866989]
 [0.28251464 0.38634628 0.33113909]
 [0.35829019 0.37937037 0.26233944]
 [0.47761608 0.17091015 0.35147378]
 [0.45087228 0.29407606 0.25505166]
 [0.46348091 0.21195641 0.32456269]
 [0.24635106 0.66855015 0.08509879]
 [0.58768104 0.05048418 0.36183478]
 [0.65530678 0.03467733 0.3100159 ]
 [0.59517154 0.1051486  0.29967987]
 [0.2953171  0.54515031 0.15953259]
 [0.28564259 0.52765491 0.1867025 ]
 [0.43893812 0.17108013 0.38998176]
 [0.29936983 0.61180736 0.08882281]
 [0.21131862 0.71715918 0.0715222 ]
 [0.53935406 0.1201927  0.34045323]
 [0.52680047 0.10801315 0.36518638]
 [0.56246206 0.06961213 0.36792581]
 [0.24360067 0.57232576 0.18407357]
 [0.23217235 0.42785417 0.33997348]
 [0.36676661 0.26850466 0.36472873]
 [0.29133639 0.30912285 0.39954076]
 [0.30206828 0.31485731 0.38307441]
 [0.15849991 0.33129947 0.51020062]
 [0.23476669 0.35635414 0.40887917]
 [0.33455184 0.27451004 0.39093812]
 [0.18425768 0.361773   0.45396932]
 [0.3012023  0.30534782 0.39344988]]

alpha[0] = 0.3536088369010658
alpha[1] = 0.33016547173778665
alpha[2] = 0.31622569136114753

mu[0] = [0.47282765 0.25058347]
mu[1] = [0.60332067 0.26536901]
mu[2] = [0.5184324  0.31140982]

sigma[0] = [[0.02507076 0.00501162]
 [0.00501162 0.01472576]]
sigma[1] = [[ 0.01540891 -0.00044018]
 [-0.00044018  0.01871838]]
sigma[2] = [[0.02622424 0.00904488]
 [0.00904488 0.01519652]]

##### iter = 8 #####

Y = [[0.17563012 0.34804202 0.47632786]
 [0.20633148 0.40806636 0.38560215]
 [0.27940551 0.47012304 0.25047144]
 [0.27484624 0.39737052 0.32778323]
 [0.35451563 0.3969441  0.24854027]
 [0.486683   0.14425949 0.36905752]
 [0.46247628 0.29191634 0.24560738]
 [0.47421173 0.19141496 0.33437331]
 [0.20728362 0.73938496 0.05333143]
 [0.58758463 0.0292594  0.38315597]
 [0.66106608 0.01824429 0.32068963]
 [0.61671511 0.0774094  0.30587549]
 [0.27233476 0.60200792 0.12565732]
 [0.26612092 0.57951052 0.15436857]
 [0.4497373  0.13985975 0.41040295]
 [0.26495384 0.67728238 0.05776379]
 [0.17070615 0.78752961 0.04176424]
 [0.55076964 0.09186572 0.35736464]
 [0.5332453  0.07924629 0.38750842]
 [0.56465769 0.04453541 0.3908069 ]
 [0.22460574 0.62617969 0.14921457]
 [0.22455825 0.44146015 0.3339816 ]
 [0.36747701 0.25404238 0.3784806 ]
 [0.2923868  0.29474889 0.41286431]
 [0.29847326 0.30609878 0.39542796]
 [0.15305775 0.30374199 0.54320026]
 [0.23227978 0.34868548 0.41903474]
 [0.33500312 0.25729552 0.40770136]
 [0.1782431  0.34731435 0.47444255]
 [0.30677424 0.28891668 0.40430908]]

alpha[0] = 0.3490711356499032
alpha[1] = 0.33275854622796935
alpha[2] = 0.31817031812212737

mu[0] = [0.46764929 0.25174563]
mu[1] = [0.61219909 0.2592542 ]
mu[2] = [0.51348594 0.31603771]

sigma[0] = [[0.02457144 0.00540271]
 [0.00540271 0.01458651]]
sigma[1] = [[ 0.01361794 -0.00091975]
 [-0.00091975  0.0187517 ]]
sigma[2] = [[0.02645679 0.0099778 ]
 [0.0099778  0.01481875]]

##### iter = 9 #####

Y = [[0.16941106 0.33313042 0.49745853]
 [0.2018496  0.41223782 0.38591258]
 [0.26530673 0.50695025 0.22774302]
 [0.26588637 0.41133304 0.3227806 ]
 [0.34966846 0.41849887 0.23183267]
 [0.49671124 0.11347968 0.38980908]
 [0.47877138 0.28739964 0.23382898]
 [0.48826089 0.16573089 0.34600822]
 [0.1619686  0.80916707 0.02886432]
 [0.58103464 0.01368003 0.40528533]
 [0.66731473 0.00781583 0.32486943]
 [0.64145442 0.05113276 0.30741283]
 [0.2410816  0.66758113 0.09133728]
 [0.23931348 0.64115534 0.11953118]
 [0.46141752 0.10275503 0.43582746]
 [0.2220405  0.74514586 0.03281364]
 [0.12669094 0.85259079 0.02071827]
 [0.56193764 0.06336992 0.37469244]
 [0.53671244 0.05132086 0.4119667 ]
 [0.56117502 0.02385656 0.41496841]
 [0.19899237 0.68867793 0.1123297 ]
 [0.2153996  0.46092874 0.32367166]
 [0.3694328  0.23359811 0.39696909]
 [0.29644728 0.27092847 0.43262424]
 [0.29556783 0.29223555 0.41219662]
 [0.14789082 0.27485009 0.57725909]
 [0.23208154 0.3340411  0.43387736]
 [0.33706628 0.23212736 0.43080636]
 [0.17221828 0.33256898 0.49521275]
 [0.31743305 0.26062381 0.42194314]]

alpha[0] = 0.3433512366305977
alpha[1] = 0.33529706369009105
alpha[2] = 0.3213516996793114

mu[0] = [0.46166842 0.2534927 ]
mu[1] = [0.62147463 0.25227871]
mu[2] = [0.50860254 0.32075342]

sigma[0] = [[0.02385477 0.00592474]
 [0.00592474 0.01448125]]
sigma[1] = [[ 0.0117811  -0.00111356]
 [-0.00111356  0.01859937]]
sigma[2] = [[0.02651899 0.01076806]
 [0.01076806 0.01444025]]

##### iter = 10 #####

Y = [[0.16400399 0.31930017 0.51669584]
 [0.1956379  0.42345156 0.38091054]
 [0.24667919 0.55148698 0.20183383]
 [0.25623338 0.427743   0.31602362]
 [0.34355266 0.44289045 0.21355689]
 [0.50797519 0.08106057 0.41096424]
 [0.50041127 0.27885673 0.22073199]
 [0.50671478 0.13525389 0.35803133]
 [0.11501788 0.87115185 0.01383027]
 [0.56857415 0.00487397 0.42655188]
 [0.67833505 0.00267225 0.31899269]
 [0.6690201  0.02971132 0.30126858]
 [0.20119424 0.73715763 0.06164814]
 [0.20414953 0.70894877 0.0869017 ]
 [0.47135029 0.06421304 0.46443667]
 [0.17299018 0.8103409  0.01666892]
 [0.08442196 0.90655446 0.00902357]
 [0.57293967 0.03839281 0.38866752]
 [0.53703391 0.02826356 0.43470252]
 [0.55233641 0.01019268 0.43747091]
 [0.16533416 0.75585539 0.07881045]
 [0.20359812 0.48826455 0.30813734]
 [0.37454204 0.20532182 0.42013614]
 [0.30541398 0.23330672 0.46127929]
 [0.29543868 0.27049219 0.43406913]
 [0.14357185 0.2486541  0.60777405]
 [0.23627072 0.30756266 0.45616663]
 [0.34242189 0.19668363 0.46089448]
 [0.16656073 0.32039326 0.51304601]
 [0.33479352 0.21546443 0.44974205]]

alpha[0] = 0.3372172477398637
alpha[1] = 0.337150511604328
alpha[2] = 0.32563224065580826

mu[0] = [0.45489598 0.25573872]
mu[1] = [0.63091323 0.24470631]
mu[2] = [0.50431691 0.32539049]

sigma[0] = [[0.02287378 0.00657667]
 [0.00657667 0.01445177]]
sigma[1] = [[ 0.01002104 -0.00091005]
 [-0.00091005  0.01820115]]
sigma[2] = [[0.02633737 0.01126326]
 [0.01126326 0.0140718 ]]

##### iter = 11 #####

Y = [[1.59886220e-01 3.10252743e-01 5.29861036e-01]
 [1.83511884e-01 4.47514370e-01 3.68973747e-01]
 [2.22573396e-01 6.01301518e-01 1.76125086e-01]
 [2.46722159e-01 4.44539742e-01 3.08738099e-01]
 [3.35923807e-01 4.67218240e-01 1.96857953e-01]
 [5.21315287e-01 5.09606144e-02 4.27724098e-01]
 [5.26466741e-01 2.64744069e-01 2.08789190e-01]
 [5.30211553e-01 1.01810991e-01 3.67977456e-01]
 [7.26484777e-02 9.20951705e-01 6.39981699e-03]
 [5.52626096e-01 1.24632809e-03 4.46127576e-01]
 [6.98787432e-01 7.43724126e-04 3.00468844e-01]
 [6.98934373e-01 1.51680062e-02 2.85897621e-01]
 [1.55277048e-01 8.04486202e-01 4.02367504e-02]
 [1.61933768e-01 7.76928275e-01 6.11379568e-02]
 [4.75717423e-01 3.13964538e-02 4.92886123e-01]
 [1.22599477e-01 8.69209762e-01 8.19076160e-03]
 [4.93105900e-02 9.46858023e-01 3.83138662e-03]
 [5.85377673e-01 1.99823377e-02 3.94639990e-01]
 [5.36554869e-01 1.27418112e-02 4.50703319e-01]
 [5.41263431e-01 3.30496315e-03 4.55431606e-01]
 [1.24515726e-01 8.22117421e-01 5.33668534e-02]
 [1.86678096e-01 5.25692620e-01 2.87629284e-01]
 [3.85568334e-01 1.67669185e-01 4.46762481e-01]
 [3.21226465e-01 1.78007105e-01 5.00766430e-01]
 [3.01423134e-01 2.36910203e-01 4.61666664e-01]
 [1.40209593e-01 2.31735414e-01 6.28054993e-01]
 [2.47967896e-01 2.62098405e-01 4.89933699e-01]
 [3.53247896e-01 1.49738991e-01 4.97013113e-01]
 [1.60933767e-01 3.15942916e-01 5.23123317e-01]
 [3.58687365e-01 1.50991757e-01 4.90320878e-01]]

alpha[0] = 0.3319366658660275
alpha[1] = 0.3377421298059948
alpha[2] = 0.33032120432797785

mu[0] = [0.44738576 0.25816893]
mu[1] = [0.6406482  0.23689524]
mu[2] = [0.5008934  0.32996599]

sigma[0] = [[0.02158269 0.00730126]
 [0.00730126 0.01453092]]
sigma[1] = [[ 0.0083859  -0.00022205]
 [-0.00022205  0.01755368]]
sigma[2] = [[0.02585939 0.01137283]
 [0.01137283 0.013681  ]]

##### iter = 12 #####

Y = [[1.55863988e-01 3.10932020e-01 5.33203992e-01]
 [1.58575740e-01 4.93920101e-01 3.47504158e-01]
 [1.92525477e-01 6.53503416e-01 1.53971107e-01]
 [2.37981819e-01 4.57875966e-01 3.04142215e-01]
 [3.27461600e-01 4.86927085e-01 1.85611315e-01]
 [5.38345809e-01 2.63059088e-02 4.35348282e-01]
 [5.56477539e-01 2.42550720e-01 2.00971741e-01]
 [5.59223005e-01 6.73522129e-02 3.73424782e-01]
 [3.97699824e-02 9.57071680e-01 3.15833811e-03]
 [5.35727546e-01 1.95355930e-04 4.64077098e-01]
 [7.31040262e-01 1.66949739e-04 2.68792788e-01]
 [7.31503493e-01 6.67358937e-03 2.61822917e-01]
 [1.08426544e-01 8.64856409e-01 2.67170463e-02]
 [1.16612559e-01 8.40074739e-01 4.33127020e-02]
 [4.72218732e-01 1.01702519e-02 5.17611016e-01]
 [7.67535690e-02 9.19017097e-01 4.22933416e-03]
 [2.45396014e-02 9.73668851e-01 1.79154726e-03]
 [6.02308824e-01 8.42591472e-03 3.89265261e-01]
 [5.39528053e-01 4.28633233e-03 4.56185615e-01]
 [5.32173904e-01 7.15361004e-04 4.67110735e-01]
 [8.11300622e-02 8.82416235e-01 3.64537031e-02]
 [1.60767598e-01 5.76694288e-01 2.62538113e-01]
 [4.05311556e-01 1.19553233e-01 4.75135211e-01]
 [3.44022976e-01 1.06906645e-01 5.49070380e-01]
 [3.17348729e-01 1.86178160e-01 4.96473111e-01]
 [1.35746171e-01 2.32782278e-01 6.31471551e-01]
 [2.70488396e-01 1.90595034e-01 5.38916570e-01]
 [3.70961150e-01 9.32569087e-02 5.35781941e-01]
 [1.52726531e-01 3.26908966e-01 5.20364503e-01]
 [3.84285486e-01 7.62242176e-02 5.39490297e-01]]

alpha[0] = 0.32866155669877334
alpha[1] = 0.33720686421959895
alpha[2] = 0.3341315790816279

mu[0] = [0.43913995 0.26012075]
mu[1] = [0.65109681 0.22965954]
mu[2] = [0.49815885 0.33449558]

sigma[0] = [[0.01991193 0.00795712]
 [0.00795712 0.01470369]]
sigma[1] = [[0.00683261 0.00097046]
 [0.00097046 0.01676646]]
sigma[2] = [[0.02505994 0.01110941]
 [0.01110941 0.01322379]]

##### iter = 13 #####

Y = [[1.47745225e-01 3.26556093e-01 5.25698682e-01]
 [1.15770545e-01 5.74513172e-01 3.09716283e-01]
 [1.56801325e-01 7.07013015e-01 1.36185660e-01]
 [2.30708322e-01 4.61301638e-01 3.07990040e-01]
 [3.22742662e-01 4.93179306e-01 1.84078032e-01]
 [5.60414923e-01 8.87349376e-03 4.30711583e-01]
 [5.97506851e-01 2.02314974e-01 2.00178175e-01]
 [5.94274959e-01 3.33544137e-02 3.72370627e-01]
 [1.82161804e-02 9.80072314e-01 1.71150548e-03]
 [5.19306500e-01 1.05731924e-05 4.80682927e-01]
 [7.73523017e-01 2.22055048e-05 2.26454778e-01]
 [7.67602615e-01 2.07985186e-03 2.30317533e-01]
 [6.63328098e-02 9.15422161e-01 1.82450295e-02]
 [7.34823692e-02 8.95414219e-01 3.11034119e-02]
 [4.62684440e-01 1.41441052e-03 5.35901150e-01]
 [4.10430838e-02 9.56630340e-01 2.32657607e-03]
 [1.00771372e-02 9.88951491e-01 9.71371612e-04]
 [6.26438761e-01 2.23573142e-03 3.71325507e-01]
 [5.49579937e-01 7.67928719e-04 4.49652134e-01]
 [5.28000055e-01 6.45825050e-05 4.71935362e-01]
 [4.29133012e-02 9.31773050e-01 2.53136490e-02]
 [1.22652439e-01 6.46783614e-01 2.30563947e-01]
 [4.34434709e-01 6.30340687e-02 5.02531222e-01]
 [3.68362250e-01 3.82320919e-02 5.93405658e-01]
 [3.45408809e-01 1.14563056e-01 5.40028135e-01]
 [1.24143128e-01 2.63712333e-01 6.12144538e-01]
 [3.03521578e-01 9.70661527e-02 5.99412270e-01]
 [3.93329417e-01 3.76433054e-02 5.69027277e-01]
 [1.36043405e-01 3.64011111e-01 4.99945484e-01]
 [4.01017158e-01 1.91904720e-02 5.79792370e-01]]

alpha[0] = 0.3278025971037909
alpha[1] = 0.33754003898360607
alpha[2] = 0.33465736391260315

mu[0] = [0.43012163 0.2604424 ]
mu[1] = [0.66213265 0.22520576]
mu[2] = [0.49555779 0.33858613]

sigma[0] = [[0.01777858 0.00830957]
 [0.00830957 0.01486904]]
sigma[1] = [[0.00537308 0.00245529]
 [0.00245529 0.01621165]]
sigma[2] = [[0.02395564 0.01057439]
 [0.01057439 0.01269309]]

##### iter = 14 #####

Y = [[1.29182351e-01 3.60551983e-01 5.10265666e-01]
 [6.28823841e-02 6.88779018e-01 2.48338598e-01]
 [1.18342961e-01 7.59302555e-01 1.22354484e-01]
 [2.27834820e-01 4.39967047e-01 3.32198133e-01]
 [3.37253508e-01 4.61018943e-01 2.01727549e-01]
 [5.86978672e-01 1.06108550e-03 4.11960243e-01]
 [6.66904613e-01 1.24216431e-01 2.08878957e-01]
 [6.31499419e-01 7.90425274e-03 3.60596328e-01]
 [6.81963159e-03 9.92205485e-01 9.74883586e-04]
 [5.03718396e-01 4.21879767e-08 4.96281562e-01]
 [8.20133002e-01 5.84856985e-07 1.79866413e-01]
 [8.06525844e-01 2.34152141e-04 1.93240004e-01]
 [3.45096218e-02 9.53069400e-01 1.24209782e-02]
 [3.88411359e-02 9.39234678e-01 2.19241865e-02]
 [4.53470257e-01 3.02111319e-05 5.46499532e-01]
 [1.87187915e-02 9.79970785e-01 1.31042325e-03]
 [3.39884640e-03 9.96000177e-01 6.00976705e-04]
 [6.58369177e-01 1.79026647e-04 3.41451796e-01]
 [5.68461689e-01 2.92443589e-05 4.31509066e-01]
 [5.29796736e-01 6.81856751e-07 4.70202582e-01]
 [1.73983749e-02 9.65113477e-01 1.74881485e-02]
 [7.58146224e-02 7.36496598e-01 1.87688779e-01]
 [4.65022018e-01 1.63436896e-02 5.18634292e-01]
 [3.83734220e-01 4.51880450e-03 6.11746975e-01]
 [3.77918043e-01 3.97257197e-02 5.82356237e-01]
 [9.69944624e-02 3.42006279e-01 5.60999259e-01]
 [3.33451782e-01 2.24155180e-02 6.44132700e-01]
 [4.12152799e-01 5.83469178e-03 5.82012509e-01]
 [1.04523161e-01 4.39514911e-01 4.55961928e-01]
 [4.04261071e-01 1.13796717e-03 5.94600962e-01]]

alpha[0] = 0.3291637470221906
alpha[1] = 0.3425621145780392
alpha[2] = 0.32827413839977015

mu[0] = [0.42079076 0.25784138]
mu[1] = [0.67208684 0.22719584]
mu[2] = [0.4922495  0.34117607]

sigma[0] = [[0.01526253 0.00808491]
 [0.00808491 0.01483607]]
sigma[1] = [[0.00425929 0.00362045]
 [0.00362045 0.01654171]]
sigma[2] = [[0.02262175 0.00987869]
 [0.00987869 0.01214257]]

##### iter = 15 #####

Y = [[9.64714987e-02 4.18444754e-01 4.85083747e-01]
 [2.39401851e-02 7.97293944e-01 1.78765871e-01]
 [8.53146873e-02 7.99541191e-01 1.15144121e-01]
 [2.29365625e-01 3.82183813e-01 3.88450561e-01]
 [3.89604560e-01 3.58292001e-01 2.52103439e-01]
 [6.18007487e-01 2.69551831e-05 3.81965558e-01]
 [7.44185623e-01 3.94808963e-02 2.16333480e-01]
 [6.63733704e-01 5.87662871e-04 3.35678633e-01]
 [2.33706569e-03 9.97066476e-01 5.96457814e-04]
 [4.89640980e-01 3.75904806e-12 5.10359020e-01]
 [8.60826086e-01 9.03501516e-10 1.39173913e-01]
 [8.44161856e-01 4.43855624e-06 1.55833706e-01]
 [1.66131765e-02 9.74615962e-01 8.77086186e-03]
 [1.82640457e-02 9.66123986e-01 1.56119679e-02]
 [4.51896672e-01 5.32957780e-08 5.48103275e-01]
 [8.62187248e-03 9.90561831e-01 8.16296563e-04]
 [1.06052411e-03 9.98507920e-01 4.31555734e-04]
 [6.96037841e-01 2.18218258e-06 3.03959977e-01]
 [5.95671619e-01 1.11671705e-07 4.04328269e-01]
 [5.37327595e-01 3.09394167e-10 4.62672405e-01]
 [5.78343330e-03 9.81654285e-01 1.25622816e-02]
 [3.62494614e-02 8.23582644e-01 1.40167895e-01]
 [4.85313748e-01 1.57343455e-03 5.13112818e-01]
 [3.92331200e-01 1.41884460e-04 6.07526915e-01]
 [3.94321670e-01 6.38447242e-03 5.99293857e-01]
 [5.62530979e-02 4.77661314e-01 4.66085588e-01]
 [3.44588043e-01 2.06461274e-03 6.53347344e-01]
 [4.25524180e-01 2.66628141e-04 5.74209192e-01]
 [6.24519212e-02 5.53654241e-01 3.83893837e-01]
 [4.06650717e-01 1.20368388e-05 5.93337246e-01]]

alpha[0] = 0.3327516725384628
alpha[1] = 0.35232432446276024
alpha[2] = 0.31492400299877693

mu[0] = [0.41283509 0.25313259]
mu[1] = [0.67941724 0.23538547]
mu[2] = [0.487694   0.34147185]

sigma[0] = [[0.01289712 0.00730394]
 [0.00730394 0.01449912]]
sigma[1] = [[0.00365235 0.00417987]
 [0.00417987 0.01779092]]
sigma[2] = [[0.02109363 0.0089856 ]
 [0.0089856  0.01161297]]

##### iter = 16 #####

Y = [[5.92046425e-02 5.11789464e-01 4.29005894e-01]
 [7.94424711e-03 8.63141201e-01 1.28914552e-01]
 [6.28969281e-02 8.21690512e-01 1.15412560e-01]
 [2.19111720e-01 3.31842668e-01 4.49045612e-01]
 [4.41885567e-01 2.44442754e-01 3.13671679e-01]
 [6.50074812e-01 6.85423356e-07 3.49924502e-01]
 [7.79278422e-01 9.44404353e-03 2.11277535e-01]
 [6.91512574e-01 3.99480919e-05 3.08447478e-01]
 [1.00850796e-03 9.98523126e-01 4.68365693e-04]
 [4.82918323e-01 4.37335960e-16 5.17081677e-01]
 [8.88473474e-01 9.33109650e-13 1.11526526e-01]
 [8.73466522e-01 6.12598279e-08 1.26533417e-01]
 [9.46376488e-03 9.83021193e-01 7.51504176e-03]
 [9.66502613e-03 9.77374140e-01 1.29608335e-02]
 [4.59669971e-01 1.47266862e-10 5.40330029e-01]
 [5.48706424e-03 9.93803173e-01 7.09762625e-04]
 [3.97177052e-04 9.99219774e-01 3.83049070e-04]
 [7.32116876e-01 2.40897745e-08 2.67883100e-01]
 [6.26405917e-01 4.56467214e-10 3.73594082e-01]
 [5.50997968e-01 1.68484540e-13 4.49002032e-01]
 [2.05534806e-03 9.87566434e-01 1.03782175e-02]
 [1.57297089e-02 8.79798142e-01 1.04472149e-01]
 [4.99547609e-01 1.69157911e-04 5.00283233e-01]
 [3.99245173e-01 7.00546495e-06 6.00747822e-01]
 [3.95977609e-01 1.23279761e-03 6.02789594e-01]
 [2.41755398e-02 6.34822822e-01 3.41001639e-01]
 [3.42667460e-01 2.94371124e-04 6.57038169e-01]
 [4.37634035e-01 1.63187941e-05 5.62349646e-01]
 [2.96669312e-02 6.75748774e-01 2.94584295e-01]
 [4.11767428e-01 2.27129989e-07 5.88232345e-01]]

alpha[0] = 0.337014878209486
alpha[1] = 0.3637996272753309
alpha[2] = 0.29918549451518317

mu[0] = [0.40728866 0.24928856]
mu[1] = [0.68402849 0.24455009]
mu[2] = [0.48204772 0.33998578]

sigma[0] = [[0.01129859 0.00653105]
 [0.00653105 0.0140854 ]]
sigma[1] = [[0.00337129 0.00448513]
 [0.00448513 0.01912406]]
sigma[2] = [[0.01935427 0.00787764]
 [0.00787764 0.01111542]]

##### iter = 17 #####

Y = [[3.55974665e-02 6.13281373e-01 3.51121161e-01]
 [3.14819460e-03 9.01342223e-01 9.55095823e-02]
 [4.88184631e-02 8.33751891e-01 1.17429646e-01]
 [2.01145819e-01 3.10692808e-01 4.88161373e-01]
 [4.59289945e-01 1.78518893e-01 3.62191163e-01]
 [6.74488824e-01 5.92217936e-08 3.25511117e-01]
 [7.86696623e-01 3.27526022e-03 2.10028117e-01]
 [7.09672655e-01 6.42631290e-06 2.90320919e-01]
 [5.92202629e-04 9.98924388e-01 4.83409503e-04]
 [4.89778083e-01 1.16368903e-18 5.10221917e-01]
 [9.06393057e-01 7.95605969e-15 9.36069434e-02]
 [8.90999043e-01 3.04477618e-09 1.09000953e-01]
 [6.58762937e-03 9.85759237e-01 7.65313383e-03]
 [6.21394144e-03 9.81326763e-01 1.24592954e-02]
 [4.70044789e-01 3.50754362e-12 5.29955211e-01]
 [4.46857939e-03 9.94707259e-01 8.24161819e-04]
 [2.02880321e-04 9.99374395e-01 4.22724915e-04]
 [7.58784168e-01 1.13524736e-09 2.41215831e-01]
 [6.53794669e-01 1.19345430e-11 3.46205330e-01]
 [5.70419982e-01 1.20726769e-15 4.29580018e-01]
 [9.45853334e-04 9.89390445e-01 9.66370118e-03]
 [7.80708468e-03 9.11278437e-01 8.09144785e-02]
 [5.08842234e-01 4.10358362e-05 4.91116730e-01]
 [4.02399337e-01 1.17824331e-06 5.97599485e-01]
 [3.93714304e-01 4.65757751e-04 6.05819938e-01]
 [1.04589634e-02 7.60502682e-01 2.29038354e-01]
 [3.36249053e-01 1.02354684e-04 6.63648592e-01]
 [4.46327120e-01 2.94250325e-06 5.53669938e-01]
 [1.44943866e-02 7.71736160e-01 2.13769453e-01]
 [4.13576431e-01 2.10071262e-08 5.86423548e-01]]

alpha[0] = 0.3403983926845584
alpha[1] = 0.37448273312506114
alpha[2] = 0.28511887419038057

mu[0] = [0.40368527 0.24722326]
mu[1] = [0.68658631 0.25170766]
mu[2] = [0.47630939 0.33770276]

sigma[0] = [[0.0104992  0.00610934]
 [0.00610934 0.0138148 ]]
sigma[1] = [[0.00323691 0.00464766]
 [0.00464766 0.02003097]]
sigma[2] = [[0.01752734 0.0067538 ]
 [0.0067538  0.01074263]]

##### iter = 18 #####

Y = [[2.52715681e-02 6.98610464e-01 2.76117968e-01]
 [1.75802435e-03 9.27659135e-01 7.05828409e-02]
 [4.06121194e-02 8.42364298e-01 1.17023583e-01]
 [1.88020965e-01 3.09247507e-01 5.02731529e-01]
 [4.53040952e-01 1.48293020e-01 3.98666028e-01]
 [6.87566518e-01 1.51331375e-08 3.12433467e-01]
 [7.78239051e-01 1.78166627e-03 2.19979282e-01]
 [7.15580466e-01 2.30907246e-06 2.84417225e-01]
 [4.22487557e-04 9.99007303e-01 5.70209284e-04]
 [5.09557647e-01 4.33738971e-20 4.90442353e-01]
 [9.19245287e-01 5.09955209e-16 8.07547129e-02]
 [8.98769527e-01 5.41632887e-10 1.01230472e-01]
 [5.19197484e-03 9.86493818e-01 8.31420710e-03]
 [4.65728711e-03 9.82690868e-01 1.26518448e-02]
 [4.76946646e-01 4.58906330e-13 5.23053354e-01]
 [3.90431080e-03 9.95010660e-01 1.08502924e-03]
 [1.32169140e-04 9.99356331e-01 5.11499519e-04]
 [7.74200853e-01 2.02250618e-10 2.25799147e-01]
 [6.73929564e-01 1.56167968e-12 3.26070436e-01]
 [5.92727944e-01 7.73985423e-17 4.07272056e-01]
 [5.79131805e-04 9.90195491e-01 9.22537676e-03]
 [4.96142954e-03 9.31094151e-01 6.39444199e-02]
 [5.12897960e-01 1.92959897e-05 4.87082744e-01]
 [4.02778628e-01 4.72199153e-07 5.97220900e-01]
 [3.93167453e-01 2.87744555e-04 6.06544802e-01]
 [5.99016508e-03 8.43452363e-01 1.50557472e-01]
 [3.33130998e-01 6.26724904e-05 6.66806330e-01]
 [4.51209948e-01 1.20032471e-06 5.48788852e-01]
 [9.01437017e-03 8.37881337e-01 1.53104293e-01]
 [4.10432126e-01 6.04976707e-09 5.89567867e-01]]

alpha[0] = 0.3424645857243488
alpha[1] = 0.3831170709430129
alpha[2] = 0.2744183433326383

mu[0] = [0.40121694 0.24639624]
mu[1] = [0.68793624 0.2566142 ]
mu[2] = [0.47143577 0.33527181]

sigma[0] = [[0.01017843 0.00594882]
 [0.00594882 0.0136748 ]]
sigma[1] = [[0.00317127 0.00472096]
 [0.00472096 0.02054611]]
sigma[2] = [[0.01581697 0.00578674]
 [0.00578674 0.01053945]]

##### iter = 19 #####

Y = [[2.11524937e-02 7.63895853e-01 2.14951653e-01]
 [1.29874045e-03 9.47324199e-01 5.13770610e-02]
 [3.60172595e-02 8.49863383e-01 1.14119357e-01]
 [1.81305980e-01 3.18290457e-01 5.00403563e-01]
 [4.37546023e-01 1.35598408e-01 4.26855569e-01]
 [6.91515955e-01 7.84552585e-09 3.08484037e-01]
 [7.59851231e-01 1.32241577e-03 2.38826353e-01]
 [7.12127097e-01 1.40884166e-06 2.87871494e-01]
 [3.40213534e-04 9.98967944e-01 6.91842884e-04]
 [5.38223115e-01 8.96263009e-21 4.61776885e-01]
 [9.28498082e-01 1.27216693e-16 7.15019183e-02]
 [9.00071955e-01 2.28861126e-10 9.99280446e-02]
 [4.44087122e-03 9.86460649e-01 9.09847960e-03]
 [3.89345738e-03 9.83175610e-01 1.29309322e-02]
 [4.81073586e-01 1.76510521e-13 5.18926414e-01]
 [3.49191179e-03 9.95041896e-01 1.46619268e-03]
 [1.01309494e-04 9.99285499e-01 6.13191497e-04]
 [7.80972754e-01 8.68914136e-11 2.19027245e-01]
 [6.87439519e-01 5.83801881e-13 3.12560481e-01]
 [6.15687741e-01 2.05937444e-17 3.84312259e-01]
 [4.38792659e-04 9.90990502e-01 8.57070566e-03]
 [3.87079106e-03 9.45158715e-01 5.09704935e-02]
 [5.12814150e-01 1.37131482e-05 4.87172137e-01]
 [4.01912010e-01 3.17875099e-07 5.98087672e-01]
 [3.94581155e-01 2.37669906e-04 6.05181175e-01]
 [4.47287471e-03 8.95484921e-01 1.00042205e-01]
 [3.34086776e-01 5.26244406e-05 6.65860600e-01]
 [4.53207505e-01 8.06361226e-07 5.46791688e-01]
 [7.00843100e-03 8.82439190e-01 1.10552379e-01]
 [4.04871687e-01 3.46394627e-09 5.95128309e-01]]

alpha[0] = 0.34341044893848693
alpha[1] = 0.3897868730946745
alpha[2] = 0.2668026779668386

mu[0] = [0.39928983 0.24624262]
mu[1] = [0.68864325 0.25990785]
mu[2] = [0.46771995 0.33293911]

sigma[0] = [[0.01007757 0.00590703]
 [0.00590703 0.01360315]]
sigma[1] = [[0.00313953 0.0047493 ]
 [0.0047493  0.02082431]]
sigma[2] = [[0.01432512 0.00502148]
 [0.00502148 0.01048181]]

##### iter = 20 #####

Y = [[1.93799455e-02 8.12456944e-01 1.68163110e-01]
 [1.11543583e-03 9.61927358e-01 3.69572058e-02]
 [3.31923842e-02 8.57131495e-01 1.09676120e-01]
 [1.77992701e-01 3.32340666e-01 4.89666633e-01]
 [4.19351970e-01 1.30928371e-01 4.49719659e-01]
 [6.89889375e-01 5.98041233e-09 3.10110619e-01]
 [7.35713559e-01 1.16427888e-03 2.63122162e-01]
 [7.03003838e-01 1.14759718e-06 2.96995014e-01]
 [2.93877941e-04 9.98882865e-01 8.23256930e-04]
 [5.72106084e-01 4.71828816e-21 4.27893916e-01]
 [9.35010363e-01 6.81740240e-17 6.49896374e-02]
 [8.97468979e-01 1.56953352e-10 1.02531020e-01]
 [3.98218648e-03 9.86205974e-01 9.81183946e-03]
 [3.46445379e-03 9.83469513e-01 1.30660327e-02]
 [4.84971035e-01 1.21200708e-13 5.15028965e-01]
 [3.16878908e-03 9.94885566e-01 1.94564509e-03]
 [8.53041716e-05 9.99213291e-01 7.01405208e-04]
 [7.82459451e-01 6.06437987e-11 2.17540549e-01]
 [6.96747792e-01 3.87429851e-13 3.03252208e-01]
 [6.38597515e-01 1.19237446e-17 3.61402485e-01]
 [3.74133284e-04 9.91953367e-01 7.67250015e-03]
 [3.38401224e-03 9.55795111e-01 4.08208763e-02]
 [5.09810474e-01 1.21197727e-05 4.90177407e-01]
 [4.00470236e-01 2.79523566e-07 5.99529485e-01]
 [3.96247677e-01 2.27417260e-04 6.03524906e-01]
 [3.86996103e-03 9.28221932e-01 6.79081071e-02]
 [3.36736745e-01 5.15401147e-05 6.63211715e-01]
 [4.53209989e-01 7.02835132e-07 5.46789308e-01]
 [6.16739546e-03 9.12777648e-01 8.10549569e-02]
 [3.99176346e-01 2.83803555e-09 6.00823651e-01]]

alpha[0] = 0.343581400284809
alpha[1] = 0.394921586560768
alpha[2] = 0.2614970131544232

mu[0] = [0.39756569 0.24642716]
mu[1] = [0.68900331 0.26214918]
mu[2] = [0.46514824 0.3308024 ]

sigma[0] = [[0.01006638 0.00590895]
 [0.00590895 0.01356178]]
sigma[1] = [[0.00312469 0.00475568]
 [0.00475568 0.02097065]]
sigma[2] = [[0.01306222 0.00443282]
 [0.00443282 0.01052465]]

##### iter = 21 #####

Y = [[1.84347263e-02 8.48300162e-01 1.33265112e-01]
 [1.02239116e-03 9.72430243e-01 2.65473661e-02]
 [3.11197460e-02 8.64277330e-01 1.04602924e-01]
 [1.75627413e-01 3.48459310e-01 4.75913278e-01]
 [4.00477248e-01 1.30075083e-01 4.69447669e-01]
 [6.85383339e-01 5.53721701e-09 3.14616656e-01]
 [7.08354725e-01 1.11727089e-03 2.90528004e-01]
 [6.90818181e-01 1.08161032e-06 3.09180737e-01]
 [2.62780445e-04 9.98788461e-01 9.48758787e-04]
 [6.09020864e-01 3.98084091e-21 3.90979136e-01]
 [9.39864256e-01 5.43698136e-17 6.01357444e-02]
 [8.92740119e-01 1.38207661e-10 1.07259881e-01]
 [3.65102042e-03 9.85962306e-01 1.03866734e-02]
 [3.17379712e-03 9.83803873e-01 1.30223302e-02]
 [4.90119656e-01 1.11129058e-13 5.09880344e-01]
 [2.89693802e-03 9.94601434e-01 2.50162801e-03]
 [7.51730954e-05 9.99160981e-01 7.63845998e-04]
 [7.81265257e-01 5.42004215e-11 2.18734743e-01]
 [7.04064446e-01 3.43801022e-13 2.95935554e-01]
 [6.61646543e-01 1.02283374e-17 3.38353457e-01]
 [3.36544456e-04 9.92987969e-01 6.67548615e-03]
 [3.11372382e-03 9.63974854e-01 3.29114220e-02]
 [5.04793697e-01 1.19181641e-05 4.95194385e-01]
 [3.98625381e-01 2.79184606e-07 6.01374340e-01]
 [3.96966031e-01 2.33044957e-04 6.02800924e-01]
 [3.57440778e-03 9.49098808e-01 4.73267839e-02]
 [3.39252266e-01 5.40383196e-05 6.60693696e-01]
 [4.51819940e-01 6.94803497e-07 5.48179365e-01]
 [5.73192007e-03 9.33678274e-01 6.05898063e-02]
 [3.94246443e-01 2.76565592e-09 6.05753554e-01]]

alpha[0] = 0.3432826324604646
alpha[1] = 0.39890058079775587
alpha[2] = 0.2578167867417796

mu[0] = [0.39585976 0.24675992]
mu[1] = [0.68916577 0.26369928]
mu[2] = [0.46363516 0.32892275]

sigma[0] = [[0.01008569 0.00592288]
 [0.00592288 0.01353116]]
sigma[1] = [[0.0031187  0.00475126]
 [0.00475126 0.02104317]]
sigma[2] = [[0.01200181 0.0039778 ]
 [0.0039778  0.0106277 ]]

##### iter = 22 #####

Y = [[1.77226112e-02 8.74749008e-01 1.07528381e-01]
 [9.56761952e-04 9.79781720e-01 1.92615185e-02]
 [2.93037330e-02 8.71068356e-01 9.96279107e-02]
 [1.72789264e-01 3.64997009e-01 4.62213727e-01]
 [3.81212340e-01 1.31148091e-01 4.87639569e-01]
 [6.79810048e-01 5.65313965e-09 3.20189946e-01]
 [6.79259557e-01 1.11976442e-03 3.19620678e-01]
 [6.77249155e-01 1.09707299e-06 3.22749748e-01]
 [2.37810858e-04 9.98699409e-01 1.06277990e-03]
 [6.47788970e-01 4.25076397e-21 3.52211030e-01]
 [9.44052168e-01 5.32784526e-17 5.59478317e-02]
 [8.87228489e-01 1.38400787e-10 1.12771510e-01]
 [3.36972717e-03 9.85791751e-01 1.08385215e-02]
 [2.93536888e-03 9.84202131e-01 1.28625004e-02]
 [4.97117189e-01 1.17614787e-13 5.02882811e-01]
 [2.64924492e-03 9.94233082e-01 3.11767285e-03]
 [6.72789546e-05 9.99131231e-01 8.01489964e-04]
 [7.79260184e-01 5.49274582e-11 2.20739816e-01]
 [7.11043167e-01 3.53220069e-13 2.88956833e-01]
 [6.85308449e-01 1.06897470e-17 3.14691551e-01]
 [3.08054837e-04 9.93966661e-01 5.72528424e-03]
 [2.91642272e-03 9.70237915e-01 2.68456625e-02]
 [4.98356075e-01 1.23394592e-05 5.01631585e-01]
 [3.96359047e-01 2.95833320e-07 6.03640657e-01]
 [3.96130225e-01 2.46185633e-04 6.03623590e-01]
 [3.37924061e-03 9.62638249e-01 3.39825103e-02]
 [3.40638366e-01 5.82463242e-05 6.59303388e-01]
 [4.49404753e-01 7.29114199e-07 5.50594518e-01]
 [5.42851045e-03 9.48222573e-01 4.63489161e-02]
 [3.90203602e-01 2.92737121e-09 6.09796395e-01]]

alpha[0] = 0.3427495271348226
alpha[1] = 0.40201019512251523
alpha[2] = 0.25524027774266217

mu[0] = [0.39406498 0.24712387]
mu[1] = [0.68921316 0.26478816]
mu[2] = [0.46308143 0.32734203]

sigma[0] = [[0.01010646 0.00593522]
 [0.00593522 0.01350068]]
sigma[1] = [[0.00311762 0.00474185]
 [0.00474185 0.02107412]]
sigma[2] = [[0.01110476 0.00361464]
 [0.00361464 0.01076082]]

##### iter = 23 #####

Y = [[1.69889259e-02 8.94466004e-01 8.85450699e-02]
 [8.93005177e-04 9.84879227e-01 1.42277681e-02]
 [2.74998401e-02 8.77241954e-01 9.52582063e-02]
 [1.68699833e-01 3.80955732e-01 4.50344435e-01]
 [3.61264052e-01 1.33156240e-01 5.05579708e-01]
 [6.74386051e-01 6.05799461e-09 3.25613943e-01]
 [6.49249549e-01 1.14690904e-03 3.49603542e-01]
 [6.63366678e-01 1.15412238e-06 3.36632168e-01]
 [2.14667083e-04 9.98617419e-01 1.16791429e-03]
 [6.87764237e-01 5.09124504e-21 3.12235763e-01]
 [9.48336830e-01 5.80388952e-17 5.16631701e-02]
 [8.82048151e-01 1.48012833e-10 1.17951849e-01]
 [3.10028352e-03 9.85675419e-01 1.12242970e-02]
 [2.70879730e-03 9.84617030e-01 1.26741723e-02]
 [5.06179813e-01 1.33464600e-13 4.93820187e-01]
 [2.40897426e-03 9.93801843e-01 3.78918270e-03]
 [5.99972525e-05 9.99117367e-01 8.22635303e-04]
 [7.77812753e-01 5.92982263e-11 2.22187246e-01]
 [7.18893341e-01 3.90336047e-13 2.81106659e-01]
 [7.10082051e-01 1.23157214e-17 2.89917949e-01]
 [2.81026546e-04 9.94815670e-01 4.90330353e-03]
 [2.73110288e-03 9.75018253e-01 2.22506444e-02]
 [4.90827218e-01 1.30814100e-05 5.09159700e-01]
 [3.93572720e-01 3.21512602e-07 6.06426959e-01]
 [3.93418474e-01 2.63078974e-04 6.06318447e-01]
 [3.19972707e-03 9.71650784e-01 2.51494884e-02]
 [3.40369744e-01 6.33045661e-05 6.59566952e-01]
 [4.46155648e-01 7.85738952e-07 5.53843567e-01]
 [5.14280143e-03 9.58516801e-01 3.63403980e-02]
 [3.86865864e-01 3.21652488e-09 6.13134133e-01]]

alpha[0] = 0.34215073849549804
alpha[1] = 0.4044672795971914
alpha[2] = 0.25338198190731054

mu[0] = [0.39211142 0.24743916]
mu[1] = [0.68919676 0.26557052]
mu[2] = [0.46338963 0.32608444]

sigma[0] = [[0.01011193 0.00593932]
 [0.00593932 0.01346392]]
sigma[1] = [[0.00311919 0.0047306 ]
 [0.0047306  0.02108242]]
sigma[2] = [[0.01032781 0.00330684]
 [0.00330684 0.01090279]]

##### iter = 24 #####

