size = 1000000
lambda = 4.0
M = 1000000
N = 3

B' = [0.         1.23851918 1.41039667 1.61506133 1.6686324  2.26447849
 2.37059676 2.43934594 2.87615955 2.93745805 2.96028765]
size of B' = 11
