size = 1000000
lambda = 4.0
N = 3

A = [3.997912 3.99892  3.999104]
A_total = 11.995936
