size = 1000000
lambda = 4.0
N = 3

A = [4.000975 4.000943 4.001314]
A_total = 12.003232
