size = 1000000
lambda = 4.0
M = 100000
N = 3

B' = [0.         0.1147557  0.4439659  0.5103366  0.81882969 1.08811278
 1.15349092 1.34232144 2.03658054 2.14223747 2.24801589 2.45649107
 2.46995655 2.6791674  2.8093229 ]
size of B' = 15
