size = 1000000
lambda = 4.0
M = 1000
N = 3

B' = [0.         0.13342413 0.31777741 1.03763729 1.21159522 1.29430663
 1.40031872 1.84761008 1.87534276 1.88153913 2.10736653 2.11029332
 2.11131691]
size of B' = 13
