size = 1000000
lambda = 4.0
M = 1000000
N = 3

B' = [0.         0.179777   0.39791508 0.53242681 0.616768   0.66081224
 0.68747736 0.78975181 1.18480444 1.27434074 1.36375675 1.55436283
 1.59032769 1.72499968 1.8993587  2.15947932 2.3233332  2.88118565]
size of B' = 18
