size = 1000000
lambda = 4.0
M = 10000
N = 3

B' = [0.         0.12969758 0.54244581 1.2514086  1.65576013 1.80392056
 2.08619065 2.09500261 2.10120925 2.73365359 2.83698835]
size of B' = 11
