size = 100000
lambda = 4.0
N = 3

A = [3.98306 4.0062  3.99864]
A_total = 11.9879
