size = 100000
lambda = 4.0
N = 3

A = [4.01122 3.99846 3.99746]
A_total = 12.00714
