size = 1000000
lambda = 4.0
M = 100000
N = 3

B' = [0.         0.25616824 0.34234413 0.56016894 0.93668404 0.97535618
 1.01152144 1.10112408 1.11153903 1.42089177 1.67121369 1.98186432
 2.36122109 2.49658838 2.86648867 2.97963822]
size of B' = 16
