size = 1000000
lambda = 4.0
M = 10000
N = 3

B' = [0.         0.17706403 0.41156082 0.4709648  0.84327938 0.90410084
 1.2769691  1.34718539 1.34834828 1.49136868 1.79251071 2.13449103
 2.14307735 2.33244413 2.63948843 2.67663826]
size of B' = 16
